    0.423019041918087035E+00    0.793764895559689432E+00    0.549389057735826691E+00    0.432391958923219022E+00    0.328681715680403497E+00    0.271334392041580941E+00    0.590297326385977428E+00    0.841565956057738096E+00    0.360465526185752394E+00    0.900937272369479070E+00    0.704611067734618235E+00    0.180982799145013305E+05
    0.303901180444526464E+00    0.692014199008133213E+00    0.438862504168337497E+00    0.301235715845997176E+00    0.443745711422074751E+00    0.292207130840832219E+00    0.591525280768488537E+00    0.842286323029514672E+00    0.377001937875897974E+00    0.937473894328282098E+00    0.664737007214326270E+00    0.181012419131876813E+05
    0.318767341455498676E+00    0.918525325811292204E+00    0.439643793138177585E+00    0.287229302866122860E+00    0.314431336371254033E+00    0.296315779082868991E+00    0.596320560593619708E+00    0.840969553489555932E+00    0.355499193139557579E+00    0.951766810550377262E+00    0.589979565953900109E+00    0.181019867036700052E+05
    0.386700565606100999E+00    0.789703927940469175E+00    0.530278095197133981E+00    0.394367474181666733E+00    0.374952339217554276E+00    0.316949085389662488E+00    0.561800990273887302E+00    0.856616409295938075E+00    0.337099475526517811E+00    0.911412393128837039E+00    0.735733116359774675E+00    0.181030602542288580E+05
    0.244431147943676902E+00    0.713659689583857837E+00    0.398334456550745508E+00    0.242645477645173135E+00    0.384054988659670138E+00    0.301268202912606586E+00    0.588126704151632040E+00    0.845782252692325986E+00    0.381281041399499032E+00    0.893559336817584926E+00    0.777991805256472824E+00    0.181032157584114684E+05
    0.339387801286114565E+00    0.861741401069258672E+00    0.489952310141135938E+00    0.355855665611454319E+00    0.365790400318784181E+00    0.284584960971967171E+00    0.590962766470083278E+00    0.833151840481091921E+00    0.350517438966184758E+00    0.915272467225871966E+00    0.679699681231932806E+00    0.181035430372851806E+05
    0.352123748317944407E+00    0.852590593477802638E+00    0.500012042105346000E+00    0.349883306873262967E+00    0.370230753433419435E+00    0.284232455587903055E+00    0.573298215847226178E+00    0.851664010300011265E+00    0.336597213186815625E+00    0.890960941933739869E+00    0.679374090201790737E+00    0.181036028218453357E+05
    0.405339619668742268E+00    0.535479902503440464E+00    0.522791882933176577E+00    0.399313295875443564E+00    0.472064417871552511E+00    0.267314762828267105E+00    0.577840270623372509E+00    0.850533196910204348E+00    0.357706917749681330E+00    0.892766818154983266E+00    0.719839465586833649E+00    0.181040193415457106E+05
    0.420541838726037676E+00    0.707185947212205956E+00    0.523720450691495643E+00    0.389125030890304036E+00    0.434745950525706026E+00    0.271466705592385171E+00    0.613945573358491314E+00    0.856697145912102220E+00    0.352741027011681640E+00    0.903861001942471654E+00    0.720397756074169449E+00    0.181040457138397178E+05
    0.422092932405178256E+00    0.588986319226654675E+00    0.535025952979675035E+00    0.409536569342152046E+00    0.478921110030953612E+00    0.325455688524922793E+00    0.575926862707005660E+00    0.849767620671226465E+00    0.348197902596952380E+00    0.928129135884422474E+00    0.643011275095037305E+00    0.181043042513634682E+05
    0.263019620524130304E+00    0.851213481175054909E+00    0.413942814030769657E+00    0.275576630956459512E+00    0.355931968829606149E+00    0.288854916099494707E+00    0.566189872027009766E+00    0.855866267384914892E+00    0.365275694796189543E+00    0.903728296043010415E+00    0.700154721028686700E+00    0.181044218687128669E+05
    0.439768080113368542E+00    0.708145433083003040E+00    0.559404059181692004E+00    0.448174819838088601E+00    0.470367793318218486E+00    0.317128990930588217E+00    0.552086578830554675E+00    0.843110619780455206E+00    0.369718857817662450E+00    0.916810882618665390E+00    0.670772116945230978E+00    0.181045982565092745E+05
    0.340193341034950747E+00    0.799235118694514579E+00    0.460478464370386698E+00    0.313770020709388087E+00    0.404496132110786999E+00    0.276120631640196457E+00    0.588682402063941179E+00    0.839666887295754782E+00    0.362842263709279633E+00    0.915257181716678359E+00    0.632937553946272380E+00    0.181047448279412820E+05
    0.337892030054533499E+00    0.722145869801617990E+00    0.467520102124159509E+00    0.319978131818277223E+00    0.409031059608399750E+00    0.256569791772546074E+00    0.569439051859882417E+00    0.841461928703748363E+00    0.345681017881962482E+00    0.919364277047683975E+00    0.675995934591247183E+00    0.181047898004777271E+05
    0.312819117948455294E+00    0.968842809208086853E+00    0.434721344136964782E+00    0.292031399446586515E+00    0.332224524691513923E+00    0.306692257105739552E+00    0.604598019415356736E+00    0.849525149246395883E+00    0.352154851610560482E+00    0.917152904156164350E+00    0.591162105444151487E+00    0.181050700863870115E+05
    0.357184564853118280E+00    0.501117306875668245E+00    0.467087335367469270E+00    0.329005201205199216E+00    0.489351830331225701E+00    0.255763210783401362E+00    0.610609679294501939E+00    0.857204634667370624E+00    0.351919429025172981E+00    0.915094368966121618E+00    0.655187658535322792E+00    0.181052598371334316E+05
    0.282393233416395939E+00    0.775865564146934861E+00    0.422789892497820230E+00    0.249659772718146156E+00    0.389902200314359515E+00    0.303095074214591254E+00    0.558827845988532967E+00    0.846228965191272664E+00    0.381402522485458140E+00    0.913532322252653128E+00    0.676449160807983119E+00    0.181053953534028115E+05
    0.398951626425528061E+00    0.514255426301088669E+00    0.515231494435802850E+00    0.385363315723128430E+00    0.525980659612680923E+00    0.263101032040380933E+00    0.568770511743966312E+00    0.850095779605770652E+00    0.358849292967957145E+00    0.909056039395466309E+00    0.752572142189745330E+00    0.181054403202405592E+05
    0.272769011642262083E+00    0.850860675600128680E+00    0.422128559105610646E+00    0.268621773047113654E+00    0.388202095585596263E+00    0.308726191490266033E+00    0.563155062143633534E+00    0.843297620560384709E+00    0.365278797589506321E+00    0.883087114824611330E+00    0.737957168618997961E+00    0.181055448105543801E+05
    0.355848469232919573E+00    0.597311046306055582E+00    0.483886950164405583E+00    0.354260234455450185E+00    0.431729654942529351E+00    0.268126481915528736E+00    0.561106200613964434E+00    0.853247246166244033E+00    0.342069856320718679E+00    0.908942665211771361E+00    0.644523285011382563E+00    0.181055529002962357E+05
    0.337740924305200862E+00    0.507514472556676921E+00    0.466267708748482057E+00    0.326750848718641407E+00    0.488118867037342419E+00    0.269051469742061844E+00    0.599131335270415510E+00    0.848499034214768244E+00    0.375352432548513193E+00    0.922220720319119280E+00    0.687268494304178690E+00    0.181056137357103144E+05
    0.284740293084349672E+00    0.780249112390301480E+00    0.440795798530357275E+00    0.283959564169730450E+00    0.437632141935035412E+00    0.295053179104196539E+00    0.556351674779411498E+00    0.842240997683872838E+00    0.363778021830408305E+00    0.918559925189460058E+00    0.731694301060940355E+00    0.181056387213796152E+05
    0.364218963214245073E+00    0.647065158205612390E+00    0.484359555015993815E+00    0.338195611319267564E+00    0.437988026432648947E+00    0.252641928544497685E+00    0.596624937017655843E+00    0.838544102457226326E+00    0.349663297820807795E+00    0.899424715175276890E+00    0.705710995419331910E+00    0.181056881530327373E+05
    0.309609705564085291E+00    0.772486088819302363E+00    0.443398753700280535E+00    0.296636269802880492E+00    0.422864038370699746E+00    0.327659117593664062E+00    0.590302983926790259E+00    0.853834783704758626E+00    0.353157731657441687E+00    0.901378329718263926E+00    0.711736114947988496E+00    0.181057055232022030E+05
    0.273082403114094152E+00    0.934644175815805722E+00    0.408389947569724909E+00    0.249471398307990977E+00    0.350939927895483950E+00    0.270725723083131531E+00    0.610155368548222721E+00    0.855755597190964945E+00    0.360392549801696271E+00    0.939575815013606652E+00    0.647735069407576192E+00    0.181057139536885079E+05
    0.321712380391353414E+00    0.865152992615047189E+00    0.472929431218774954E+00    0.322436004944642973E+00    0.374816795633926780E+00    0.277344569947417130E+00    0.597382957942013904E+00    0.841525043594042010E+00    0.393178507370966823E+00    0.893707066918302817E+00    0.717334657861985137E+00    0.181057771067995163E+05
    0.409283571337798913E+00    0.908983943626979540E+00    0.521276976921898783E+00    0.397396017910155663E+00    0.395872513443810414E+00    0.297245283560167384E+00    0.571410750740870998E+00    0.848636514548573917E+00    0.382299162735116327E+00    0.900332903425284492E+00    0.696695903533890881E+00    0.181061094992095386E+05
    0.370666981440752830E+00    0.957612368216629650E+00    0.493876471902927994E+00    0.361434842171607207E+00    0.358399253814609520E+00    0.315059967500287752E+00    0.574708710497406128E+00    0.854265979949381915E+00    0.373525832813059566E+00    0.896278035537716344E+00    0.646920968026116316E+00    0.181061582271987063E+05
    0.219122047044153251E+00    0.864700250641870394E+00    0.378441130933671210E+00    0.209285387988145360E+00    0.338735561168592658E+00    0.284098345763619142E+00    0.582414230747312134E+00    0.853032205880567940E+00    0.357741847735577767E+00    0.901175093494868906E+00    0.718714221497491645E+00    0.181062096824603650E+05
    0.321106886205217379E+00    0.754558011083904745E+00    0.456158064881559300E+00    0.317906002818994005E+00    0.460044424798362883E+00    0.316315337993758883E+00    0.594142638632584097E+00    0.839899554679771732E+00    0.367120948864967378E+00    0.893804730459441199E+00    0.739114312338341684E+00    0.181062340993493599E+05
    0.376779702779483805E+00    0.588566321975204532E+00    0.492222840682419893E+00    0.361242272716546409E+00    0.460022283188244341E+00    0.288137113328521433E+00    0.607640880324606725E+00    0.837712327252233102E+00    0.366657947941998519E+00    0.918108482274950899E+00    0.603446410993858984E+00    0.181063031094427643E+05
    0.323087135347683130E+00    0.607337199919711024E+00    0.450709117593726061E+00    0.306353389823417310E+00    0.432426304427149855E+00    0.308800940868719231E+00    0.600400357359851755E+00    0.846976110011397276E+00    0.359993333098263979E+00    0.929682981622766968E+00    0.658671662689197968E+00    0.181063658718621227E+05
    0.348793444795437280E+00    0.897689775293613046E+00    0.481369076476356961E+00    0.350217319038783503E+00    0.370246796396844879E+00    0.307118575805043814E+00    0.589207760817717752E+00    0.853052833071347716E+00    0.380832126481893685E+00    0.892857368674381480E+00    0.770736187593624722E+00    0.181064154319751542E+05
    0.332736744760354641E+00    0.830978851374374550E+00    0.467761080699756637E+00    0.319436836454954576E+00    0.347681938136022162E+00    0.317580193163149282E+00    0.569994735437494793E+00    0.842391271649949314E+00    0.348978097105627105E+00    0.915869571520308456E+00    0.645034881044759034E+00    0.181064616592433922E+05
    0.327501887231008371E+00    0.759072088571531856E+00    0.488449311452806900E+00    0.333450306347624736E+00    0.406465373701480226E+00    0.289920919117049980E+00    0.606391347768095113E+00    0.854648361893471487E+00    0.341840621236245923E+00    0.904957041627267866E+00    0.674281200760118105E+00    0.181065499861830758E+05
    0.414518120970968296E+00    0.990667543425201136E+00    0.527740388883272349E+00    0.397675993246680459E+00    0.326607906765238432E+00    0.296449852669474434E+00    0.558757399010722522E+00    0.861547305422559750E+00    0.356191290503277413E+00    0.896917881845657350E+00    0.766337553948680084E+00    0.181067314563670188E+05
    0.364275768499840225E+00    0.690779251889580781E+00    0.488344579447218707E+00    0.340840857969643030E+00    0.440298439072991377E+00    0.311017101750450886E+00    0.571237689179886821E+00    0.839703644905676061E+00    0.373601368807149004E+00    0.883649100932491827E+00    0.664204426733909448E+00    0.181067779995443416E+05
    0.415521800801000096E+00    0.568675621137000320E+00    0.523884480224809268E+00    0.396702453337268612E+00    0.479308086192796357E+00    0.293982479174233535E+00    0.554117793838854622E+00    0.842117546977714904E+00    0.382035904662609060E+00    0.915623426382873751E+00    0.739551547719632829E+00    0.181068126364322816E+05
    0.407592723922361289E+00    0.930265951217748577E+00    0.519812392796693890E+00    0.399738004574165529E+00    0.319914808549769836E+00    0.301908284184955189E+00    0.611327658256417217E+00    0.854303153981319952E+00    0.360376662946452153E+00    0.913816649323367258E+00    0.699270133077183331E+00    0.181068969679802067E+05
    0.312562114564340965E+00    0.887757022532526863E+00    0.441613016626372201E+00    0.281918337694757548E+00    0.377259102871699836E+00    0.301006257893034812E+00    0.599152993061298766E+00    0.852968119167689998E+00    0.375423992036467702E+00    0.923081932220125911E+00    0.682345318649049792E+00    0.181069153877398676E+05
    0.373625665039698018E+00    0.811008529921134702E+00    0.503070008047241113E+00    0.359458414320665276E+00    0.371752584343391534E+00    0.297785389257584743E+00    0.622110348212864261E+00    0.847704779953447396E+00    0.352480552346590481E+00    0.917358408244666967E+00    0.674957731140922501E+00    0.181069528392225438E+05
    0.368521811546198230E+00    0.582311828411026022E+00    0.476351005975710895E+00    0.331062191875487910E+00    0.412884447195754456E+00    0.298212341222703681E+00    0.600122133560709092E+00    0.849526795497338005E+00    0.363869828461940992E+00    0.912413712634698060E+00    0.688488393973544777E+00    0.181071519434323018E+05
    0.329111184093609954E+00    0.726157429972570601E+00    0.453621033878907953E+00    0.313538326822952351E+00    0.442204279145546386E+00    0.293416555774346277E+00    0.555725395258715338E+00    0.844601509251573068E+00    0.369103866173273065E+00    0.881020883139653543E+00    0.740556477872564844E+00    0.181072402445793887E+05
    0.369993902717397960E+00    0.744272812171282383E+00    0.508413968762593149E+00    0.377033704533832226E+00    0.397655845924526241E+00    0.272633824395227986E+00    0.574686752510122467E+00    0.841768199875555845E+00    0.388397375452128824E+00    0.933275611457182519E+00    0.629577705586745862E+00    0.181073138191035105E+05
    0.330254866438498440E+00    0.628712360901358625E+00    0.468838864319365778E+00    0.317055550490204563E+00    0.413622732313556896E+00    0.308473360218427917E+00    0.575389796332235082E+00    0.863369323640157726E+00    0.355307139039236886E+00    0.899242087894328357E+00    0.705324683031742006E+00    0.181073302655408625E+05
    0.246526887434709435E+00    0.544078560294545710E+00    0.406968670552371403E+00    0.243679135529079299E+00    0.421518368076058747E+00    0.291584058239871324E+00    0.617647708012713403E+00    0.840177629149208349E+00    0.349844118797835391E+00    0.912411656371559188E+00    0.704255439162867258E+00    0.181073307242912488E+05
    0.311612605010997190E+00    0.560059183425018814E+00    0.472771301266253108E+00    0.325365919617416566E+00    0.446650780072298359E+00    0.267252608778187073E+00    0.591615296980340988E+00    0.851374706971681050E+00    0.349700124238668530E+00    0.904108178469265278E+00    0.661514478666633043E+00    0.181073393618211921E+05
    0.228943575227333745E+00    0.623625838268221266E+00    0.391660059079908252E+00    0.220306347347323628E+00    0.415976253353954106E+00    0.308039974204570743E+00    0.612219776678385008E+00    0.849493192648429152E+00    0.358039087689278224E+00    0.900681711197779067E+00    0.712870385285107488E+00    0.181074272568671986E+05
    0.297547503859733053E+00    0.662757660921806435E+00    0.445747183245143064E+00    0.290342739084086809E+00    0.434810544455250858E+00    0.293909041365962020E+00    0.588026047005280383E+00    0.852193681044586926E+00    0.373413620151038572E+00    0.915803287409572064E+00    0.688008574338580869E+00    0.181075108116982337E+05
    0.270756821570686257E+00    0.664577866886846280E+00    0.422050072676695420E+00    0.265085469962905163E+00    0.396315159491168911E+00    0.297666788661210380E+00    0.587097032613419278E+00    0.855803444649887224E+00    0.370364546141861761E+00    0.886690668901803591E+00    0.725936393262746060E+00    0.181075538903211273E+05
    0.306972256889363138E+00    0.849645761172969305E+00    0.430757932495903384E+00    0.283977652983956275E+00    0.388837331758580929E+00    0.267497909369346865E+00    0.596486956838466087E+00    0.828391172911565610E+00    0.382612239304584656E+00    0.913576355464844392E+00    0.696602585771881611E+00    0.181076006325485614E+05
    0.294441040961631373E+00    0.908198774330349234E+00    0.420791018767293246E+00    0.255507446772311519E+00    0.359326414516062620E+00    0.300834688415802187E+00    0.578778890421565051E+00    0.841444462744037835E+00    0.358692394148542870E+00    0.892417078925936913E+00    0.726635406001015061E+00    0.181076382215236990E+05
    0.395563791227330541E+00    0.494069422173642081E+00    0.500993444187019410E+00    0.363067130649682324E+00    0.545599706315847865E+00    0.277184798628536178E+00    0.593069498178365628E+00    0.845012348217638487E+00    0.371959182356275231E+00    0.900989063597881223E+00    0.648089215718258504E+00    0.181077152755143943E+05
    0.377606289834756192E+00    0.597695192611884640E+00    0.510185723874522323E+00    0.368577427947276770E+00    0.490335120358999510E+00    0.293280178755347731E+00    0.575862860911259822E+00    0.855742031871188358E+00    0.375344019216589553E+00    0.909402331387414664E+00    0.721498966401292186E+00    0.181077697980177873E+05
    0.327648802202391343E+00    0.669692921971716482E+00    0.458734469224563568E+00    0.313572145171676531E+00    0.473283301925842004E+00    0.298435195962277300E+00    0.581475473000100163E+00    0.866074133271743207E+00    0.343971131681439390E+00    0.891414266622702844E+00    0.739482904202668045E+00    0.181077764692128439E+05
    0.288264343851690030E+00    0.602281077161209377E+00    0.438850944768025830E+00    0.288074891128904997E+00    0.461720320106410453E+00    0.285276201201474622E+00    0.559659533153339606E+00    0.850519723066318845E+00    0.373699494016657474E+00    0.913808252567025914E+00    0.709659415604877331E+00    0.181078018483935011E+05
    0.401030437868155676E+00    0.655066432549575750E+00    0.515028302187927056E+00    0.377715780911323518E+00    0.473517013219693583E+00    0.300952516205150122E+00    0.565627874289433730E+00    0.838526915793005423E+00    0.389036770094732143E+00    0.885300536695636797E+00    0.717732301239119574E+00    0.181078139114788646E+05
    0.311955908439872531E+00    0.660627974091780978E+00    0.450058121118209198E+00    0.322507588773589482E+00    0.457844686128599687E+00    0.287022719411550054E+00    0.575022702812181929E+00    0.843804958351322187E+00    0.362837902076351138E+00    0.902046403447049894E+00    0.679882917466472003E+00    0.181078508793069559E+05
    0.328851623330610465E+00    0.798399628789152382E+00    0.471123823961647537E+00    0.318233463176034181E+00    0.431347797639596020E+00    0.282670128219060290E+00    0.553189194888568436E+00    0.847183605662722994E+00    0.358418541596214058E+00    0.893089145334467260E+00    0.758167771232360233E+00    0.181078765008418050E+05
    0.282387965343736613E+00    0.847569906203156864E+00    0.426207481833472679E+00    0.261860331500808063E+00    0.363609116344122463E+00    0.278171484899868371E+00    0.604124278612044430E+00    0.833905177145943810E+00    0.364422478145669304E+00    0.917134578736729877E+00    0.738442725414562240E+00    0.181079101571360479E+05
    0.416629402248721803E+00    0.861989479316760621E+00    0.539198903259365703E+00    0.424396962496371599E+00    0.338488099564787703E+00    0.285294891067438161E+00    0.596401161851649153E+00    0.845937822301321751E+00    0.359208008126176648E+00    0.891293467596475431E+00    0.731264424960065162E+00    0.181079858601888773E+05
    0.321415747272137009E+00    0.953358327085636614E+00    0.476754901045148727E+00    0.311275011598675377E+00    0.322115197715667934E+00    0.269784729888731700E+00    0.619066746470186891E+00    0.849940886361338688E+00    0.370780273269549543E+00    0.892558097479205670E+00    0.726253443566031387E+00    0.181080050983038454E+05
    0.356132862673915418E+00    0.930492729226454429E+00    0.470711146223170895E+00    0.334924060549507241E+00    0.301291818619075280E+00    0.272150225125068146E+00    0.609025183025057149E+00    0.842457846272475441E+00    0.376909247362595567E+00    0.912222619038387750E+00    0.664721778599786428E+00    0.181080774588425920E+05
    0.285248289574805192E+00    0.867304709134105400E+00    0.449221650390064786E+00    0.300823532448394215E+00    0.371334222937878711E+00    0.286617163160419519E+00    0.600627177501737775E+00    0.840312316882454891E+00    0.353448985866315069E+00    0.918264946159624174E+00    0.677136277334577485E+00    0.181080779674220466E+05
    0.315265829543630360E+00    0.915330596469985602E+00    0.450217768162337939E+00    0.303423806734313017E+00    0.342672612032097035E+00    0.292752833736420970E+00    0.589458779844522107E+00    0.854267092364395908E+00    0.364962201909990513E+00    0.925752873643310492E+00    0.609160559010140989E+00    0.181081016260340984E+05
    0.327269152541355579E+00    0.875876099278209974E+00    0.459738485584821333E+00    0.312277314454279364E+00    0.346986191003417432E+00    0.290415087341220568E+00    0.585480689395135534E+00    0.838220792308068341E+00    0.394994450499887906E+00    0.901264708084988930E+00    0.760112468802870200E+00    0.181081133131910065E+05
    0.342553167235900791E+00    0.417997493717195745E+00    0.454638839004126383E+00    0.309056248395865318E+00    0.532393351390063274E+00    0.295944835686360874E+00    0.564116150278394790E+00    0.854090180537462551E+00    0.346808594954586991E+00    0.912956859033227541E+00    0.732896884566729967E+00    0.181081355469805712E+05
    0.396196040643587266E+00    0.607885866193328184E+00    0.505239453484798373E+00    0.375974754789926258E+00    0.458806692109277381E+00    0.277541331659771684E+00    0.568442627643199527E+00    0.835020721221063855E+00    0.353539458315832777E+00    0.905436342982495646E+00    0.663839806801648447E+00    0.181081374825652783E+05
    0.386583106879804850E+00    0.675950317916443333E+00    0.495050567144822096E+00    0.361329016728807240E+00    0.420960300226111195E+00    0.315294494236089962E+00    0.570293421540438383E+00    0.851676586764406274E+00    0.380808709164563497E+00    0.896656032672060288E+00    0.769666599006574526E+00    0.181081522293381204E+05
    0.321574625510998635E+00    0.705807365990218649E+00    0.438393744021329357E+00    0.287493238528453987E+00    0.419265618700199683E+00    0.276990226961039254E+00    0.602515793630481800E+00    0.852173263569969031E+00    0.378323788497766156E+00    0.921659000752742985E+00    0.662364685579896806E+00    0.181081762736568671E+05
    0.347782403278257379E+00    0.686420360972744836E+00    0.458448301742603537E+00    0.312250454872525174E+00    0.401630034741750575E+00    0.303888356082354094E+00    0.541581386710073498E+00    0.839136627252865419E+00    0.368766643245409420E+00    0.901437980167307695E+00    0.723563917575742566E+00    0.181081870651034515E+05
    0.339664851148283597E+00    0.749468044830912561E+00    0.466049332132050353E+00    0.333691911283385823E+00    0.433206015111673282E+00    0.294871298806306859E+00    0.566282290385154874E+00    0.844888994826802464E+00    0.356290475477638535E+00    0.906906173686712114E+00    0.721659656046149234E+00    0.181082128691497783E+05
    0.393752127864816281E+00    0.590773793615014808E+00    0.503847777064562519E+00    0.374785673062180469E+00    0.488346144113107228E+00    0.298183071801818245E+00    0.577440697326236485E+00    0.860375557615919995E+00    0.354403812813880892E+00    0.890096595162514603E+00    0.731320840198070643E+00    0.181082415655051336E+05
    0.330884832559016184E+00    0.877670327824160657E+00    0.470887111774863698E+00    0.324615750973528350E+00    0.396533891801526817E+00    0.308350772193773714E+00    0.570826275867340249E+00    0.857527047973777767E+00    0.333313763167749244E+00    0.893573991599099227E+00    0.708099793674814904E+00    0.181082512348569981E+05
    0.366075616618785737E+00    0.575204618899695763E+00    0.490534047922883631E+00    0.352410759098283344E+00    0.468173021756464580E+00    0.304304155128292564E+00    0.550961128869589589E+00    0.854266863513533758E+00    0.354143041138577086E+00    0.921753811730713468E+00    0.690111912781382952E+00    0.181082557034484780E+05
    0.313277151891194205E+00    0.869376857769895151E+00    0.446057387546887396E+00    0.294807881277049044E+00    0.304013909331186438E+00    0.297417658397235829E+00    0.592931562232005938E+00    0.854557614800299015E+00    0.359509857030111957E+00    0.912692654084153898E+00    0.748782494879154381E+00    0.181082688138604826E+05
    0.342302215202397009E+00    0.986634169826524521E+00    0.451529117169440330E+00    0.300961237186783914E+00    0.304300138489535243E+00    0.298453647587105186E+00    0.601378412712488153E+00    0.844172480436817252E+00    0.361943644579010015E+00    0.927124396891603419E+00    0.689494395155602513E+00    0.181082787092159342E+05
    0.259544949671721648E+00    0.889510128410857748E+00    0.408852084455361475E+00    0.237823235204275757E+00    0.371037808169783045E+00    0.291997909219614216E+00    0.611176152806511719E+00    0.852961899721876526E+00    0.370351138178753647E+00    0.906332565037678672E+00    0.673260330194624501E+00    0.181082849956575628E+05
    0.392172567288394447E+00    0.951651929871598190E+00    0.504512145481503582E+00    0.374290474708224130E+00    0.355730038469381449E+00    0.275603268921835509E+00    0.589741285277053384E+00    0.850244340606829963E+00    0.371714827943818216E+00    0.896083033342936486E+00    0.724399148427526063E+00    0.181082875896282858E+05
    0.377432289347827354E+00    0.907955810490602699E+00    0.495812298161263265E+00    0.361024073897988740E+00    0.369898624620015215E+00    0.302194589783057355E+00    0.597702521272831522E+00    0.841575310615711003E+00    0.371158191058678644E+00    0.912436970332648811E+00    0.713924442658019243E+00    0.181082958802396133E+05
    0.344942038838364717E+00    0.906253013954890330E+00    0.471422667987791033E+00    0.325124750621700098E+00    0.285212586234186882E+00    0.286942801639205269E+00    0.584747213418655876E+00    0.858738957338931908E+00    0.367526470030368646E+00    0.908329657425372972E+00    0.725691029582938518E+00    0.181082988152260732E+05
    0.354341454430257552E+00    0.647139013330944479E+00    0.489287934850917039E+00    0.352864832444019116E+00    0.427922521285283464E+00    0.288144369108954745E+00    0.586541038796427050E+00    0.865943024928525817E+00    0.346770250025464077E+00    0.892367032555654971E+00    0.758364296794501902E+00    0.181083453519715913E+05
    0.344862926224237976E+00    0.988630997515989152E+00    0.482976329437725782E+00    0.333173129036176574E+00    0.315206709778217797E+00    0.298264607729649467E+00    0.595615888443445263E+00    0.836276986707291781E+00    0.363890439831377255E+00    0.886795360849193526E+00    0.737687486788262015E+00    0.181083475529036841E+05
    0.343367528198441407E+00    0.640348335658816215E+00    0.472292254260691213E+00    0.334715272145892528E+00    0.491753263181915479E+00    0.302512229606106520E+00    0.572971934638883962E+00    0.862115166012102807E+00    0.367122117608810583E+00    0.901566687188577576E+00    0.749759234369032468E+00    0.181083629834117964E+05
    0.414744714255234681E+00    0.720089116917217775E+00    0.535197227959080091E+00    0.412090926042787631E+00    0.434677339748652303E+00    0.269714680936738782E+00    0.591383850839778291E+00    0.856188062860714805E+00    0.362795496037802034E+00    0.921703985211711041E+00    0.670099289542003484E+00    0.181083679091416707E+05
    0.343739958018778102E+00    0.816668687897775136E+00    0.472582223454937334E+00    0.331307837798858418E+00    0.404314505497960386E+00    0.269757308317743139E+00    0.566937391916164213E+00    0.846416499106348197E+00    0.371226541400113574E+00    0.894428698987557613E+00    0.689274451222334661E+00    0.181083787022229990E+05
    0.380046516406804757E+00    0.950327166481369279E+00    0.491595452842787162E+00    0.340112430720755587E+00    0.280564366029966761E+00    0.274678449231170685E+00    0.615066959060074581E+00    0.845770481098047200E+00    0.352028671672141358E+00    0.912916274989677645E+00    0.708623873830607209E+00    0.181084331663742414E+05
    0.397581552903356950E+00    0.824002702639916818E+00    0.517534569949147594E+00    0.388470962909911011E+00    0.381513608565832774E+00    0.263109779056973581E+00    0.604202110157421757E+00    0.839217553012372663E+00    0.372196455577769536E+00    0.924525794001771484E+00    0.643353244189968643E+00    0.181084931616306530E+05
    0.410594684296122669E+00    0.701586643168917057E+00    0.532800460629763495E+00    0.399062185602554909E+00    0.443939031612647528E+00    0.304566573828294773E+00    0.576215964402228775E+00    0.841861745778010762E+00    0.381027915795494831E+00    0.909543307354518049E+00    0.688602692560640106E+00    0.181085207567277503E+05
    0.373901913259017726E+00    0.802131230487635571E+00    0.505582476661133651E+00    0.360397724336343817E+00    0.422690256478280069E+00    0.282440916079381266E+00    0.595357866596187502E+00    0.849891415021816532E+00    0.358304057540003329E+00    0.901266172731272852E+00    0.702666615687449703E+00    0.181085223062706355E+05
    0.342562550999880644E+00    0.734453720280672906E+00    0.490283571381592287E+00    0.334151318065762148E+00    0.407503302622303998E+00    0.305950723723838858E+00    0.559137427662076747E+00    0.856284783979621822E+00    0.345498649599504326E+00    0.909792717514902316E+00    0.680008320632771723E+00    0.181085425605580895E+05
    0.375072379482915053E+00    0.711261170536113929E+00    0.509693513709195800E+00    0.375706505290753112E+00    0.398982456448636003E+00    0.305717111128950669E+00    0.557135305150855076E+00    0.848785300256973518E+00    0.345621551633342128E+00    0.909237645612422596E+00    0.726885796425881914E+00    0.181086130267096451E+05
    0.332461225218029677E+00    0.995581311445465911E+00    0.453411511402815659E+00    0.299115827395191380E+00    0.306218354736467302E+00    0.319195790221817599E+00    0.559357344844363835E+00    0.852909108421288975E+00    0.350625683588915660E+00    0.915649580022487086E+00    0.697065761086636759E+00    0.181086180683054699E+05
    0.347648494162724475E+00    0.583323308992758971E+00    0.498322997890632224E+00    0.358923349652381596E+00    0.451481413229755602E+00    0.280333642981534847E+00    0.580841051169033395E+00    0.841486641404475932E+00    0.370693604930841192E+00    0.928783058119241334E+00    0.688366318271008359E+00    0.181086324894977079E+05
    0.344612206773140084E+00    0.752789726849931728E+00    0.478027757053501423E+00    0.330015387602601296E+00    0.451085812437470757E+00    0.279792734412371680E+00    0.596000154834450568E+00    0.838265373846928119E+00    0.372749147377886891E+00    0.898724041599077816E+00    0.705679121939284393E+00    0.181087116640494642E+05
    0.331024088068066769E+00    0.894197461170291086E+00    0.469775289270881746E+00    0.305821360803926079E+00    0.353607025313148970E+00    0.304105790864641012E+00    0.603248793967168240E+00    0.831280867757845598E+00    0.385945294438378161E+00    0.890980131503543937E+00    0.729171109296407161E+00    0.181087806173015924E+05
    0.269845369710569993E+00    0.735885090599420755E+00    0.415822619431805207E+00    0.247713433923268167E+00    0.450451581984373239E+00    0.283956734839672653E+00    0.574913936496720179E+00    0.841516174389904892E+00    0.370737539795178761E+00    0.889409638693241522E+00    0.754751333137576697E+00    0.181088222621070709E+05
    0.404007029554971697E+00    0.562132106442738921E+00    0.515049222506323567E+00    0.395499355597125068E+00    0.471737779072674168E+00    0.250685810303615753E+00    0.580142270866749743E+00    0.832041831678324684E+00    0.373918470033566708E+00    0.907936631391256133E+00    0.709356651608185840E+00    0.181088588605282384E+05
    0.265913464747458028E+00    0.599167610866337963E+00    0.421687406775329232E+00    0.259721942674799700E+00    0.415119234682568727E+00    0.274200433435353830E+00    0.599990104737820551E+00    0.844606033528936595E+00    0.358876780193575995E+00    0.881920651542714928E+00    0.766106898844350015E+00    0.181088650258394264E+05
    0.405053419336232956E+00    0.919848805504423717E+00    0.502330047928156387E+00    0.364330582897450572E+00    0.286679783601291205E+00    0.276550763429283863E+00    0.599450314485440727E+00    0.844520035243687239E+00    0.374617852171312826E+00    0.905504888576426414E+00    0.692291480678598692E+00    0.181089663071020332E+05
    0.271753434546982753E+00    0.739447183203762348E+00    0.413890447978516707E+00    0.265399062592825807E+00    0.418221422991002623E+00    0.299503262541637616E+00    0.577158539421694483E+00    0.855983413986028396E+00    0.364478119276516244E+00    0.914803715708232379E+00    0.703311846836620402E+00    0.181089894455001013E+05
    0.389092124226597558E+00    0.595010457995342357E+00    0.499955671637070775E+00    0.368990838684421618E+00    0.458594310913622794E+00    0.275484148474223478E+00    0.573112737896420699E+00    0.854680150263537386E+00    0.365405552280198831E+00    0.889279795585947275E+00    0.726428270252093555E+00    0.181090379929584014E+05
    0.322619903347608261E+00    0.980548414181197425E+00    0.456058230641473383E+00    0.320032268147288412E+00    0.368291441381076390E+00    0.296707122362802000E+00    0.598025346237306299E+00    0.840627492172786650E+00    0.378407129252042340E+00    0.901550925595527075E+00    0.699531723335508282E+00    0.181090534552509234E+05
    0.416093404376941145E+00    0.877263010314759839E+00    0.528226201919451577E+00    0.404877484858451653E+00    0.329948415976526299E+00    0.311940769307311738E+00    0.567073074314186965E+00    0.842073883600110040E+00    0.356034406268270875E+00    0.903228007958292500E+00    0.681783732197998038E+00    0.181090584154088901E+05
    0.364190978473171445E+00    0.992809013168002630E+00    0.475796391551368880E+00    0.326453929351239514E+00    0.285784884444334475E+00    0.268983207465044782E+00    0.600848185161438231E+00    0.853808107034214836E+00    0.367457126517871602E+00    0.913708050764739266E+00    0.715737317353604796E+00    0.181091006733366485E+05
    0.322805958167998952E+00    0.774195245212642602E+00    0.460960135256225589E+00    0.306313351306366721E+00    0.399278931417675564E+00    0.310179314896446068E+00    0.560298996734435950E+00    0.840618177309657377E+00    0.350469388310840957E+00    0.902014803213408212E+00    0.722625464392264161E+00    0.181091022300670047E+05
    0.344338663896413988E+00    0.958054397037315653E+00    0.474571602831183659E+00    0.328127476244407079E+00    0.393051644012447465E+00    0.274986863154734473E+00    0.583893605220508038E+00    0.844382921475361758E+00    0.365482844284944874E+00    0.914587244414604816E+00    0.719871016283833653E+00    0.181091495385467206E+05
    0.295676245034173835E+00    0.690832162384482085E+00    0.420709058702003924E+00    0.270628846628510666E+00    0.413524908201210351E+00    0.292056748794386756E+00    0.598662705219470181E+00    0.854027441169130763E+00    0.374409138621049797E+00    0.890122958269602083E+00    0.686644314133130540E+00    0.181091585311478193E+05
    0.365051609307544267E+00    0.944335018457831965E+00    0.479827150046323203E+00    0.337882385178314371E+00    0.318550158622606827E+00    0.321040905330152893E+00    0.570076954074830722E+00    0.862806560181466065E+00    0.364607274630761702E+00    0.901464275038352358E+00    0.739139187599423098E+00    0.181091663157004477E+05
    0.326329491053998888E+00    0.807648997226302678E+00    0.465750870749887913E+00    0.318583375610865693E+00    0.392233934927155525E+00    0.270302627000715223E+00    0.612720975788731637E+00    0.846105473624804039E+00    0.343720131727244194E+00    0.899809853673633420E+00    0.679905789110895276E+00    0.181091666222748900E+05
    0.326038513231040494E+00    0.615999017442727004E+00    0.446829648812221703E+00    0.301464212061826609E+00    0.433475811721228010E+00    0.262201493396279794E+00    0.567396115673797996E+00    0.847064461777905064E+00    0.352585650106514270E+00    0.917199604883358721E+00    0.734606972673515157E+00    0.181091713716611339E+05
    0.328690992114651914E+00    0.895257052570717304E+00    0.453833585012618834E+00    0.313497164142938101E+00    0.326609201138646110E+00    0.286897205160974333E+00    0.595078620717141793E+00    0.858977106280127911E+00    0.353648686353481956E+00    0.907295382781984183E+00    0.630795310798242803E+00    0.181092174053558374E+05
    0.342881653057064584E+00    0.591786544556844429E+00    0.501453031930587878E+00    0.347474221417827800E+00    0.418124717189111927E+00    0.313736837828043402E+00    0.557541418988114712E+00    0.845787528410427480E+00    0.362464213803724844E+00    0.897176614654156213E+00    0.705030890733617577E+00    0.181092278523771201E+05
    0.245278500253233306E+00    0.788592873588321641E+00    0.417817834357421147E+00    0.246396693223740970E+00    0.420865929825635254E+00    0.305448947065972198E+00    0.573606027969104759E+00    0.837595819474167835E+00    0.364287679345031756E+00    0.893177132703493859E+00    0.703233888700113940E+00    0.181092294113097705E+05
    0.367946273324216144E+00    0.584897276077493644E+00    0.491074915437752613E+00    0.348678612355763695E+00    0.471112628474176565E+00    0.320820776996149803E+00    0.569826402516412700E+00    0.849446611145828201E+00    0.354275878562771318E+00    0.905910202146655408E+00    0.739421372722011805E+00    0.181092448568903237E+05
    0.296590160459119734E+00    0.825066613689708683E+00    0.437562186158811040E+00    0.270254150198536214E+00    0.350960989101089971E+00    0.271562224103477190E+00    0.609251499189172763E+00    0.856996923403212985E+00    0.350145258960802119E+00    0.915512014539587526E+00    0.647050718451630202E+00    0.181092478395732178E+05
    0.337065131395101192E+00    0.617124366847735084E+00    0.460695140363269584E+00    0.320535147783669316E+00    0.477988814709575993E+00    0.298858347118442058E+00    0.571300954812857253E+00    0.850965289845206918E+00    0.368733364313238610E+00    0.920444432071792829E+00    0.620410749944104389E+00    0.181092644556742307E+05
    0.381588041022394742E+00    0.841030819652622164E+00    0.504081041958870046E+00    0.367353891338695115E+00    0.357134837665790794E+00    0.303178164251692694E+00    0.567209483338883103E+00    0.855409721821563385E+00    0.373013947846205396E+00    0.911931431771125345E+00    0.668767528160898905E+00    0.181092887912384431E+05
    0.284361587988917919E+00    0.575282559354902689E+00    0.416721800312753965E+00    0.268868605979923680E+00    0.439494234441873632E+00    0.309786810273068314E+00    0.579089617117695576E+00    0.844834656002988904E+00    0.366177296425008625E+00    0.905971230717749099E+00    0.736215935779516162E+00    0.181093008913734593E+05
    0.305586931218763513E+00    0.590169669986868373E+00    0.425039444626773122E+00    0.271289658828016533E+00    0.470771156346166175E+00    0.290989180949328297E+00    0.593724389286186094E+00    0.840794133455265880E+00    0.377222892650744157E+00    0.890536195072627268E+00    0.750228192209374534E+00    0.181093057383940868E+05
    0.285747408285321025E+00    0.897442984226549667E+00    0.442734863985106863E+00    0.274719095650876932E+00    0.341641472872308005E+00    0.280795802180868248E+00    0.609874496846903758E+00    0.851078473490898824E+00    0.353553614964024154E+00    0.913476483195955091E+00    0.641402796736317948E+00    0.181093491903490794E+05
    0.295879844842862949E+00    0.816131299898595231E+00    0.429039533145125163E+00    0.265613289796243324E+00    0.358697768390685900E+00    0.289671252566935822E+00    0.579090787971505594E+00    0.832522218717433926E+00    0.373926118616421332E+00    0.916140932356693916E+00    0.649263116879587265E+00    0.181093594821349616E+05
    0.336704372941277641E+00    0.719428210683998204E+00    0.473689360563531392E+00    0.326839521514626918E+00    0.394240790184241130E+00    0.298244741574987426E+00    0.578845478004741509E+00    0.841145288759063914E+00    0.365851036289900455E+00    0.909335307336587406E+00    0.713388212698122803E+00    0.181093897087962978E+05
    0.361367170432425389E+00    0.793356329141691408E+00    0.476610977459158369E+00    0.341343597338591043E+00    0.403501153473109220E+00    0.280486669753965412E+00    0.569628355882290771E+00    0.834883171207925545E+00    0.343024559762108827E+00    0.900985574919557997E+00    0.722701467883747339E+00    0.181093909239728018E+05
    0.368598925700680591E+00    0.703329202187362945E+00    0.503090509406752040E+00    0.373332743058944594E+00    0.413077797948112557E+00    0.279578772822301203E+00    0.573445194765715205E+00    0.841626359296931970E+00    0.382985040989502867E+00    0.890415217816908466E+00    0.743323694017559156E+00    0.181094169659982654E+05
    0.361556157017386026E+00    0.822120033932173699E+00    0.488889653670405877E+00    0.352759923218562643E+00    0.385142867223799312E+00    0.270974020600776466E+00    0.610057466709462703E+00    0.854700988481749135E+00    0.372907633214290934E+00    0.931450986267084446E+00    0.633349342456314024E+00    0.181094255759487387E+05
    0.350921038541448349E+00    0.634003233654656606E+00    0.470947767355532176E+00    0.331938559192457627E+00    0.455232624124433438E+00    0.280632877243906342E+00    0.575332032196616772E+00    0.857315872505000742E+00    0.338366707815535794E+00    0.891981653623268977E+00    0.705508102400701609E+00    0.181094326188511113E+05
    0.270384859063512062E+00    0.857717461110829360E+00    0.428911988826716661E+00    0.267511880137559832E+00    0.360041512523536666E+00    0.301532061245172622E+00    0.588632628454485940E+00    0.842419676421710228E+00    0.384458731304262002E+00    0.903815080508552304E+00    0.740962577964248248E+00    0.181094413895134785E+05
    0.415808441941603490E+00    0.893779109759969659E+00    0.526472896005854674E+00    0.407204682343967672E+00    0.351277394600976955E+00    0.320153567850702703E+00    0.560287120505857383E+00    0.849437581432147537E+00    0.369502291335865818E+00    0.898562320435698170E+00    0.759768860264762869E+00    0.181094456401341595E+05
    0.329045699843348360E+00    0.913469196948995643E+00    0.476600637850966957E+00    0.324496248978069557E+00    0.329185358367535652E+00    0.302982498477304907E+00    0.595133178083341319E+00    0.854166803651151274E+00    0.348473687470168880E+00    0.899986204563398395E+00    0.658543901112300989E+00    0.181094795417625137E+05
    0.342891757425990318E+00    0.688453626859566126E+00    0.474869651620709599E+00    0.339379455905084115E+00    0.411366378223963547E+00    0.274129374392462044E+00    0.600571912140067221E+00    0.848198484347706394E+00    0.377644973678814555E+00    0.919504062850017734E+00    0.702906247760824665E+00    0.181094857563361984E+05
    0.293516628670657753E+00    0.688099946804655582E+00    0.451621682406883440E+00    0.284098037634628209E+00    0.417815759079084470E+00    0.294295113522013208E+00    0.547755551221840831E+00    0.855602868566559427E+00    0.352635776117959210E+00    0.903986964643158641E+00    0.708182477363408336E+00    0.181095003532734045E+05
    0.345604473424595993E+00    0.825364253110937085E+00    0.478122028766261309E+00    0.333427507252352762E+00    0.373067085603112358E+00    0.288052645829061371E+00    0.611843784086726350E+00    0.833230823133683907E+00    0.352866489666095129E+00    0.916951148643989633E+00    0.651297688095892280E+00    0.181095108448610117E+05
    0.330056092442259419E+00    0.688333678754004974E+00    0.458975742544508847E+00    0.315435649413729147E+00    0.416770081824938243E+00    0.292858463956333748E+00    0.593948823985650853E+00    0.838965543354023846E+00    0.369730857234150390E+00    0.887711485530330857E+00    0.726922694734978281E+00    0.181095161933572672E+05
    0.383992286911039482E+00    0.702485193822609544E+00    0.508464538500477459E+00    0.372192713109976481E+00    0.407908452174122749E+00    0.290480151361536876E+00    0.553197272466192214E+00    0.848748083577496204E+00    0.341733841594827115E+00    0.888200485057150102E+00    0.775712341700138919E+00    0.181095381210721716E+05
    0.295946774894157882E+00    0.887522699613807919E+00    0.452786123277071240E+00    0.299416569714502478E+00    0.395480775647653215E+00    0.298503262610941622E+00    0.584074181498845157E+00    0.847719044563323587E+00    0.363856177169900541E+00    0.912601175609311865E+00    0.666960391826506904E+00    0.181095868504015343E+05
    0.282285977678770783E+00    0.627778150212144337E+00    0.444690027117222553E+00    0.281171007171352239E+00    0.470321605441275215E+00    0.301510272732788187E+00    0.582660762792876707E+00    0.854601942117295454E+00    0.354057665789203224E+00    0.898447586551131550E+00    0.741963418100406447E+00    0.181095940067686897E+05
    0.356348840076612161E+00    0.693085829550832200E+00    0.481219925444448360E+00    0.355178564334910296E+00    0.447656660411597407E+00    0.280765265108948059E+00    0.590893081475376447E+00    0.842910416296568155E+00    0.350386674577761958E+00    0.898299727084546307E+00    0.742151752557032585E+00    0.181096017059869628E+05
    0.376342221447997061E+00    0.868024624827006930E+00    0.490938712327585292E+00    0.352503625450059088E+00    0.299343531707700006E+00    0.303526668944845812E+00    0.583313389541585514E+00    0.851658421611682925E+00    0.372276438670389953E+00    0.897709571933477779E+00    0.736926566429812357E+00    0.181096160193107135E+05
    0.357065411910115371E+00    0.882811476246617266E+00    0.487766022535646493E+00    0.341016106787707107E+00    0.324220071859528058E+00    0.313330505267118087E+00    0.571496006944025803E+00    0.848033254849768214E+00    0.370382258451118884E+00    0.901519996563932113E+00    0.659710334308814872E+00    0.181096170254386816E+05
    0.371787006273680665E+00    0.663611807161174183E+00    0.490404543167853257E+00    0.343486730497455428E+00    0.441888671045916948E+00    0.279998120199540845E+00    0.575051116644586524E+00    0.839252563330529777E+00    0.380691745236962753E+00    0.896753623981775938E+00    0.747299049883102251E+00    0.181096185792172037E+05
    0.362873860771523726E+00    0.839926415200746845E+00    0.474495601727439209E+00    0.330066258184229744E+00    0.314145842256245533E+00    0.280291405154714734E+00    0.607494035326437531E+00    0.850742308230549971E+00    0.342557458737974607E+00    0.921678379920220059E+00    0.703319302052035522E+00    0.181096335449713224E+05
    0.366165238568681495E+00    0.691377371680142017E+00    0.486213220928950696E+00    0.354705226588448275E+00    0.407216006729746782E+00    0.268995351270605643E+00    0.562638259431321730E+00    0.848284049336739621E+00    0.360109610027410765E+00    0.895573896011213733E+00    0.767172112011377916E+00    0.181096671657262305E+05
    0.345324562038533844E+00    0.679522357944907229E+00    0.483658772553110017E+00    0.339370913121863904E+00    0.404712264396200672E+00    0.279629846862358089E+00    0.571757972702373496E+00    0.834079130550991477E+00    0.379354166441303986E+00    0.920190519051322098E+00    0.695630328155756650E+00    0.181096762848041981E+05
    0.352411560567194027E+00    0.981946643542815356E+00    0.490383337395630614E+00    0.340379448208783131E+00    0.303278800730117204E+00    0.307967901198931471E+00    0.590837741499634528E+00    0.845634462928735453E+00    0.352574660158196773E+00    0.891840907503621549E+00    0.711923759502739451E+00    0.181097477170146631E+05
    0.380339893344012303E+00    0.589649298000209154E+00    0.501305478929518267E+00    0.362336651056653025E+00    0.500625759321848607E+00    0.282117244488846286E+00    0.587695937344226982E+00    0.849990080247021607E+00    0.341251651903059894E+00    0.900886007886181672E+00    0.725422376112285106E+00    0.181097644152898501E+05
    0.332879352406221851E+00    0.895168608735557036E+00    0.454386327615988517E+00    0.300766724470571511E+00    0.317313028719224566E+00    0.284886928117897176E+00    0.609747782558762164E+00    0.840227177594651709E+00    0.375793452343276824E+00    0.891718551206616916E+00    0.719726391239703611E+00    0.181097658432012322E+05
    0.341620504061388885E+00    0.787726955846255850E+00    0.470294452178468714E+00    0.319725394726603773E+00    0.344480261385177178E+00    0.269137983570458761E+00    0.602459665261901534E+00    0.839469838760002252E+00    0.378627806175377668E+00    0.934678627835631048E+00    0.667514846483075575E+00    0.181097664474663179E+05
    0.408795933643856302E+00    0.604156301943731044E+00    0.522769790341728546E+00    0.396761621942840981E+00    0.454448801904441257E+00    0.260240371067030185E+00    0.574985751887646890E+00    0.852443993718117743E+00    0.369578486702618780E+00    0.913239756941014225E+00    0.716382305330897196E+00    0.181097736096434892E+05
    0.333392817038204226E+00    0.584033763965696617E+00    0.464974537390789755E+00    0.325360506755902890E+00    0.466906533500080656E+00    0.278259250658598523E+00    0.585427678452906330E+00    0.851422198888510451E+00    0.374104540749802927E+00    0.897063541162964051E+00    0.750646824916498479E+00    0.181098167587107273E+05
    0.326124185068175698E+00    0.905192423705648785E+00    0.465356698447108585E+00    0.315247705430778458E+00    0.349280171294308273E+00    0.284229571545688120E+00    0.589854777772124139E+00    0.831489472820763575E+00    0.369348254006129195E+00    0.920855675823707753E+00    0.651871689384575070E+00    0.181098592846283755E+05
    0.329646310217965699E+00    0.754174960066102518E+00    0.470657930400217195E+00    0.335644911422461778E+00    0.433623663726013908E+00    0.266904664964582816E+00    0.588161286030573049E+00    0.846378656358909742E+00    0.373146202480523881E+00    0.889987525232949328E+00    0.707558476291599403E+00    0.181098636894925003E+05
    0.319129038116714669E+00    0.846723112813905998E+00    0.457052500656239424E+00    0.305726827016861658E+00    0.403705055683019787E+00    0.310430538309411919E+00    0.572601394098199212E+00    0.852638517050722466E+00    0.367590139418895900E+00    0.895855590314130312E+00    0.724289607005974112E+00    0.181098933641611802E+05
    0.332569926526687931E+00    0.867982429337096129E+00    0.495750824275117685E+00    0.343992515191348769E+00    0.372082927116722306E+00    0.289411884645164152E+00    0.594979018183305786E+00    0.844960805344400434E+00    0.353765805698641078E+00    0.901204867835667112E+00    0.746205492055544872E+00    0.181099039359587623E+05
    0.339524194976244975E+00    0.737115906571043977E+00    0.479370569587572182E+00    0.333894884986701168E+00    0.384661732618922780E+00    0.322076060548277421E+00    0.566307599765683567E+00    0.859277374941609606E+00    0.367268946688916353E+00    0.888994627765922973E+00    0.748501119058048725E+00    0.181099129474367292E+05
    0.335274786471224995E+00    0.882303642761990914E+00    0.469068523157884720E+00    0.317950019327963018E+00    0.347125617044841017E+00    0.312306247311565643E+00    0.566931922898843532E+00    0.836854084408059418E+00    0.374011642462434735E+00    0.909734424561152499E+00    0.657986260411616786E+00    0.181099444800947895E+05
    0.237608233947272568E+00    0.582164264767156325E+00    0.400415664892063317E+00    0.236096261164787852E+00    0.424351938906227244E+00    0.273462688139957388E+00    0.612549556068588075E+00    0.850611938301331305E+00    0.364693745462680963E+00    0.894380293700354878E+00    0.726744219677616488E+00    0.181099574264339244E+05
    0.363006034751352402E+00    0.811416185923035216E+00    0.480658456640323473E+00    0.351687397724874562E+00    0.371441639664806644E+00    0.275068612014534586E+00    0.574262099875879617E+00    0.847934114619537271E+00    0.368013887777711768E+00    0.914980119367290623E+00    0.691451423888934436E+00    0.181100089798635745E+05
    0.338671197578481131E+00    0.829401424695159761E+00    0.473576633429845573E+00    0.336183270257582323E+00    0.364257569309734852E+00    0.287559213115416656E+00    0.591218857674284171E+00    0.839729474725251945E+00    0.361738802134847215E+00    0.888181847593906948E+00    0.712688018375960408E+00    0.181100130338483978E+05
    0.352912397541619960E+00    0.671432206255679676E+00    0.505208329255402377E+00    0.368152768602250102E+00    0.425371979948703571E+00    0.280214610400344732E+00    0.574297264777500205E+00    0.845912826941217166E+00    0.362597342856228244E+00    0.901518634317349021E+00    0.680795789630459391E+00    0.181100425528066226E+05
    0.297289441833490820E+00    0.675713656419472342E+00    0.430570615815613844E+00    0.269777194773681117E+00    0.450609896429054579E+00    0.279766154632978437E+00    0.571096169992532987E+00    0.851043446140336890E+00    0.350991030248154201E+00    0.907740370237525740E+00    0.710029242904756552E+00    0.181100570441755408E+05
    0.292106159331651793E+00    0.966270249871249653E+00    0.420651553288222013E+00    0.261942304399587378E+00    0.325423816581400460E+00    0.305221135101255925E+00    0.593981780804114012E+00    0.843077438191356943E+00    0.364575668287553778E+00    0.929316863094524548E+00    0.670105378859309209E+00    0.181100687954180248E+05
    0.366997203329463895E+00    0.998195136370950808E+00    0.493259656374164412E+00    0.342329783562244083E+00    0.295199810777233396E+00    0.321713606050900713E+00    0.603413544489775133E+00    0.854323183457993962E+00    0.350093091899283337E+00    0.908409544514868106E+00    0.703185777376145071E+00    0.181100885032939768E+05
    0.365649176165063039E+00    0.735851358009316558E+00    0.493242647656764732E+00    0.363601841313461016E+00    0.427380824453727826E+00    0.268486623952022885E+00    0.563956740029287418E+00    0.857793991674693168E+00    0.359110433303307996E+00    0.906702381989559547E+00    0.730941944540550725E+00    0.181100903610141213E+05
    0.270079752997108291E+00    0.683775642263393268E+00    0.423443743987770072E+00    0.261811909597451875E+00    0.433474867677603959E+00    0.312940152100684543E+00    0.591716334506485420E+00    0.839180094297612644E+00    0.373378729280253729E+00    0.908083528597246947E+00    0.665527453788785639E+00    0.181101063494626142E+05
    0.337738780616425371E+00    0.826802046412551395E+00    0.471265290224368083E+00    0.346589110891928232E+00    0.410012274898456153E+00    0.285188564628799823E+00    0.590562138380869239E+00    0.846051595845957016E+00    0.357807060184394232E+00    0.909777910475915164E+00    0.708011875469154228E+00    0.181101250365778615E+05
    0.379422774903243332E+00    0.754309049029686096E+00    0.507057385302466690E+00    0.371129378345226191E+00    0.407118171263351369E+00    0.299487240264926902E+00    0.576472921374543978E+00    0.844559313465920058E+00    0.372332800409149178E+00    0.899087590007593418E+00    0.747911001723984836E+00    0.181101852342172024E+05
    0.379422774903243332E+00    0.754309049029686096E+00    0.507057385302466690E+00    0.371129378345226191E+00    0.407118171263351369E+00    0.299487240264926902E+00    0.576472921374543978E+00    0.844559313465920058E+00    0.372332800409149178E+00    0.899087590007593418E+00    0.747911001723984836E+00    0.181101852342172024E+05
    0.309349091795213083E+00    0.660333307343762610E+00    0.435177936896873896E+00    0.283305444398375073E+00    0.441861966229105008E+00    0.291396827945980541E+00    0.562627418804514279E+00    0.859021473872256469E+00    0.352816745505604823E+00    0.896188329043665854E+00    0.706063886267569440E+00    0.181101857412856261E+05
    0.351379191001564839E+00    0.637988459915148742E+00    0.476884321114370346E+00    0.344241465855448570E+00    0.448127803970489014E+00    0.265938617049311543E+00    0.573144053588385050E+00    0.827642345150908620E+00    0.378587397856635699E+00    0.908924457334640223E+00    0.660449264496070110E+00    0.181101983841313486E+05
    0.331071170471119780E+00    0.819430688693069786E+00    0.454156626292679277E+00    0.298380200292410525E+00    0.398029762118778774E+00    0.278247127265259020E+00    0.570654452687175850E+00    0.846427019841823336E+00    0.365319103749727758E+00    0.906421621421104495E+00    0.693355244324201370E+00    0.181102107279341981E+05
    0.346116682235361073E+00    0.582416079676395970E+00    0.482364815834957605E+00    0.347905294549765431E+00    0.473118746346391339E+00    0.281154995837854194E+00    0.569461053030128173E+00    0.844772738259507161E+00    0.378336893016499809E+00    0.914933950502641924E+00    0.673905329742198744E+00    0.181102145276531701E+05
    0.363613268141384061E+00    0.869757020115692780E+00    0.491487031069235969E+00    0.345831797920314432E+00    0.372438274867959773E+00    0.294930370311208501E+00    0.589836433794921899E+00    0.844042527135071774E+00    0.356670575296882120E+00    0.911142151058464522E+00    0.675549458993025431E+00    0.181102234081810711E+05
    0.343077043089104139E+00    0.884904722552024126E+00    0.481976418145340535E+00    0.332314181633945271E+00    0.321257239324529875E+00    0.305039281598805223E+00    0.591127585264466515E+00    0.833386319399543551E+00    0.380439908855093711E+00    0.916486318992471349E+00    0.691060020120351726E+00    0.181102313439710779E+05
    0.326348339049615577E+00    0.776969507720159491E+00    0.458066851814124487E+00    0.320189704971516387E+00    0.406834155981720791E+00    0.256530326113436347E+00    0.578376353185474756E+00    0.836824026748162808E+00    0.373352989412848058E+00    0.906011208771040799E+00    0.697127570985898615E+00    0.181102427738442966E+05
    0.388884622242278488E+00    0.699158511929664828E+00    0.505450848357198113E+00    0.364987248091388883E+00    0.428854366550381394E+00    0.283480271155298169E+00    0.585647162935815091E+00    0.842230344071435377E+00    0.379870164719519232E+00    0.921637261793378237E+00    0.658434939652763673E+00    0.181102463597734750E+05
    0.357439999319050294E+00    0.629457175563197580E+00    0.475247717930582514E+00    0.349589120975726142E+00    0.468823600983300115E+00    0.305139260042596283E+00    0.558697786571101696E+00    0.854723421037030917E+00    0.369897865278797977E+00    0.904577883269746419E+00    0.699899233548114008E+00    0.181102488459538472E+05
    0.326465110234871347E+00    0.793639544695325494E+00    0.456809256606265868E+00    0.309180084293928348E+00    0.383322349275657559E+00    0.273849875407920162E+00    0.620040383496394676E+00    0.837547910688842712E+00    0.368042754364742764E+00    0.927983097725236572E+00    0.654191943004052034E+00    0.181102572394515082E+05
    0.332978699267140632E+00    0.737874959456314983E+00    0.457921789745379892E+00    0.321445109054247946E+00    0.393178903878676433E+00    0.261913072501157529E+00    0.603214431806358142E+00    0.839960775037026930E+00    0.374088242988596165E+00    0.924222649737450830E+00    0.633181531580022328E+00    0.181102657081626676E+05
    0.357218704759744876E+00    0.822946921181816338E+00    0.495057583214290164E+00    0.359448080433481865E+00    0.408156063937776759E+00    0.303264008029046406E+00    0.588306651961049254E+00    0.854002779719999161E+00    0.357684402857699923E+00    0.907541703445241765E+00    0.755723388177870992E+00    0.181102731362057493E+05
    0.360843816485445612E+00    0.722235786702308258E+00    0.480856827441577928E+00    0.344795578984396611E+00    0.409571733600722132E+00    0.276800938862171442E+00    0.560268591800766269E+00    0.834720301022660482E+00    0.366026950377879301E+00    0.886088897365267858E+00    0.738010866653395881E+00    0.181102807300191125E+05
    0.355509276033902144E+00    0.541389009627396889E+00    0.469123661801603808E+00    0.329024770474251271E+00    0.457438736767907028E+00    0.296153687743743732E+00    0.573428436111269924E+00    0.853426969041786943E+00    0.355274147587531675E+00    0.904579071768662035E+00    0.747913572420339734E+00    0.181102948812073992E+05
    0.367094195917205324E+00    0.531922278121080394E+00    0.501597239241434401E+00    0.360704997089226209E+00    0.482588144457266610E+00    0.275226495447369213E+00    0.580644622627120688E+00    0.843101996811968957E+00    0.375554093470519157E+00    0.906197769857460811E+00    0.714166959548501179E+00    0.181102974737412405E+05
    0.359896274262615723E+00    0.812268206489770606E+00    0.487970443420923328E+00    0.349325858663871114E+00    0.338496542542736811E+00    0.278980320946851323E+00    0.587215270762985075E+00    0.843822375093140953E+00    0.363361005647222846E+00    0.918106288689228167E+00    0.709474550947243543E+00    0.181103149225879570E+05
    0.287946246284659091E+00    0.788863236295078041E+00    0.443676697546393439E+00    0.274706948275581619E+00    0.385922638185835554E+00    0.305241007813795873E+00    0.601198309445596046E+00    0.847323449561977249E+00    0.382496199027465678E+00    0.914892187838397875E+00    0.674481496740144126E+00    0.181103356838466534E+05
    0.358179824134703451E+00    0.945266506744226742E+00    0.488489530009387329E+00    0.341265634600566470E+00    0.336476779183008168E+00    0.310737730232219456E+00    0.611551671306207800E+00    0.850559477316181423E+00    0.355653334237632623E+00    0.885969086093924441E+00    0.744547409068402333E+00    0.181103423455533848E+05
    0.352778714832579832E+00    0.901356215320449738E+00    0.470676337138267953E+00    0.334919851935491952E+00    0.335410209526971426E+00    0.265938569485737242E+00    0.595879579067517540E+00    0.848939908921076070E+00    0.338227685250213517E+00    0.915191292786028954E+00    0.667572407838175508E+00    0.181103697070498783E+05
    0.398023832917694331E+00    0.640012845266999197E+00    0.512594180547491396E+00    0.379155377437146224E+00    0.482807688349098429E+00    0.280334424047098685E+00    0.564225789486091256E+00    0.852549502646587909E+00    0.351591823428501205E+00    0.892586875137844293E+00    0.763284093788200169E+00    0.181103773703321567E+05
    0.398023832917694331E+00    0.640012845266999197E+00    0.512594180547491396E+00    0.379155377437146224E+00    0.482807688349098429E+00    0.280334424047098685E+00    0.564225789486091256E+00    0.852549502646587909E+00    0.351591823428501205E+00    0.892586875137844293E+00    0.763284093788200169E+00    0.181103773703321567E+05
    0.314173383626604630E+00    0.920868239548820799E+00    0.456062054307593279E+00    0.290887693463994901E+00    0.373761422776223595E+00    0.301814040679411921E+00    0.583182877349735285E+00    0.844147908182539708E+00    0.379055945778340564E+00    0.902863722390736312E+00    0.685888099431489429E+00    0.181103832103827081E+05
    0.314173383626604630E+00    0.920868239548820799E+00    0.456062054307593279E+00    0.290887693463994901E+00    0.373761422776223595E+00    0.301814040679411921E+00    0.583182877349735285E+00    0.844147908182539708E+00    0.379055945778340564E+00    0.902863722390736312E+00    0.685888099431489429E+00    0.181103832103827081E+05
    0.350687876311014668E+00    0.890075372607474935E+00    0.466681718986634575E+00    0.325961774760844147E+00    0.313128056984124437E+00    0.300668048591559156E+00    0.592959092923057485E+00    0.845388366300494853E+00    0.371698731514667369E+00    0.886367350202085125E+00    0.743871145802400435E+00    0.181103909337237383E+05
    0.406411931099428747E+00    0.917701966317721607E+00    0.505024477025102225E+00    0.381656833588380762E+00    0.340547967743036306E+00    0.308667961168852256E+00    0.572697607977347145E+00    0.846576503836027117E+00    0.358885278525458151E+00    0.900666299710183971E+00    0.705418933878377730E+00    0.181103922384129546E+05
    0.334669689327958764E+00    0.786529486358870544E+00    0.465313629452832167E+00    0.336375561424675673E+00    0.403351439545632684E+00    0.272346948692531843E+00    0.584712771481452953E+00    0.846640247337958507E+00    0.379658814963303282E+00    0.891263879430085559E+00    0.704243802431322452E+00    0.181103977679452073E+05
    0.328720233912805360E+00    0.862115668494484622E+00    0.479866366357289353E+00    0.329841263729579004E+00    0.380655995848319884E+00    0.305143865478511189E+00    0.605016587725374699E+00    0.840359771679878964E+00    0.357576959518453974E+00    0.897420191935021649E+00    0.704854407905110225E+00    0.181104083875370052E+05
    0.255267170838331614E+00    0.927634109469379409E+00    0.400978315904077842E+00    0.241646812464089228E+00    0.295152915186016662E+00    0.307827657726946258E+00    0.592571189587176583E+00    0.844182184040817796E+00    0.370475281439630932E+00    0.891951729754616673E+00    0.711527494636114088E+00    0.181104217174625592E+05
    0.415841085906446861E+00    0.925236512193120086E+00    0.536630100811370636E+00    0.412494457642463008E+00    0.299932223355050320E+00    0.309783223107041206E+00    0.586559039059423526E+00    0.846072640428322753E+00    0.372589310307999577E+00    0.917451365155780962E+00    0.732307554654540227E+00    0.181104534656111318E+05
    0.392213493127048174E+00    0.695291387010085860E+00    0.511870423182323342E+00    0.377079192496807769E+00    0.445751147471524667E+00    0.265553353018332605E+00    0.589529530969293947E+00    0.846485706526154735E+00    0.367412066896678435E+00    0.895001750560554088E+00    0.697289203933818880E+00    0.181104616094395242E+05
    0.320028249630471329E+00    0.708673298782425132E+00    0.465751448557340464E+00    0.313623909476168805E+00    0.415875039854062045E+00    0.271223221098923051E+00    0.574433156267164069E+00    0.856844722175940987E+00    0.377318334601075334E+00    0.894585208421449396E+00    0.729948348664571589E+00    0.181104630002994454E+05
    0.379227076973855215E+00    0.990584206779847487E+00    0.491222619044068498E+00    0.343951875705917343E+00    0.276053118959612320E+00    0.290959149090462887E+00    0.614809328936210431E+00    0.850468090608993532E+00    0.355810124640392911E+00    0.915407390210519645E+00    0.637348162008276820E+00    0.181104633050810771E+05
    0.350662517152518727E+00    0.727832640938071096E+00    0.475357329840039755E+00    0.320555796584654940E+00    0.421382719650711834E+00    0.307647798144258355E+00    0.574646062196306651E+00    0.846601539331447994E+00    0.375384535512149509E+00    0.900627239472788443E+00    0.680212136578693616E+00    0.181104847019959852E+05
    0.350662517152518727E+00    0.727832640938071096E+00    0.475357329840039755E+00    0.320555796584654940E+00    0.421382719650711834E+00    0.307647798144258355E+00    0.574646062196306651E+00    0.846601539331447994E+00    0.375384535512149509E+00    0.900627239472788443E+00    0.680212136578693616E+00    0.181104847019959852E+05
    0.357854467776191065E+00    0.608905928681141573E+00    0.484744445133178492E+00    0.341276092147209442E+00    0.473704654233326805E+00    0.299619791891626963E+00    0.558754080597355762E+00    0.840635591470880739E+00    0.380928642893634650E+00    0.894126091746364482E+00    0.717437561157435510E+00    0.181104883385454305E+05
    0.354554666331776569E+00    0.501532935688692838E+00    0.464423932593456157E+00    0.329167338228172457E+00    0.526413633990490570E+00    0.308886894793711453E+00    0.554876190261789692E+00    0.844730386475523121E+00    0.361604822342671994E+00    0.888639150526653765E+00    0.739000300499224272E+00    0.181104899592880975E+05
    0.362671125926283811E+00    0.547460802091268128E+00    0.486528112726666850E+00    0.340617167202031002E+00    0.475042349504890771E+00    0.275472010221786190E+00    0.566894490519835315E+00    0.846206156448661484E+00    0.359087896737309620E+00    0.906237595246018879E+00    0.744290903807515947E+00    0.181104911405978419E+05
    0.324307343110066593E+00    0.541048950457392985E+00    0.454229004656071633E+00    0.296494148570384641E+00    0.481605148895402679E+00    0.296532391723267896E+00    0.583356940656638234E+00    0.844258421897247868E+00    0.368085406714232732E+00    0.901009886536617732E+00    0.750589575813657151E+00    0.181105022260184487E+05
    0.312065241149985462E+00    0.935568726891738756E+00    0.437634395945301180E+00    0.279378304826405799E+00    0.357970714009066993E+00    0.289230002697868860E+00    0.600060060461276912E+00    0.855939050732062889E+00    0.372473014143953285E+00    0.917841902009782551E+00    0.689514080753791947E+00    0.181105030701922733E+05
    0.336924320801703314E+00    0.957962062943182091E+00    0.462393047285460324E+00    0.313214165102692566E+00    0.316752516407882878E+00    0.286357760148304941E+00    0.600910490969750799E+00    0.849197259351282319E+00    0.345782447968745077E+00    0.931249428352431519E+00    0.658544291883794708E+00    0.181105068157987444E+05
    0.304999909688925319E+00    0.838448081601176676E+00    0.431849353916606837E+00    0.279169019713424504E+00    0.413271971249887626E+00    0.274626015332233797E+00    0.581362819859632451E+00    0.837244794699541828E+00    0.354178504340975142E+00    0.905881534268658251E+00    0.687912980129561591E+00    0.181105087900302606E+05
    0.328537259089835720E+00    0.776841388239307040E+00    0.467662290701363892E+00    0.311508286486242958E+00    0.356699040498356990E+00    0.287075458143062345E+00    0.600247899696600973E+00    0.853908465374312753E+00    0.366246935952654840E+00    0.911396319950561584E+00    0.653180456085372452E+00    0.181105664462269851E+05
    0.315158774251503737E+00    0.848049000583933621E+00    0.445289234657356758E+00    0.293201804311608416E+00    0.381786433748132148E+00    0.268334845871303351E+00    0.606020758468742260E+00    0.827307080512437953E+00    0.376509428082270448E+00    0.923844022233571760E+00    0.699096097349075851E+00    0.181105678922023799E+05
    0.334379139268505654E+00    0.890789153055913108E+00    0.465110748524411366E+00    0.313393378898329356E+00    0.379160999313217839E+00    0.296593942953233214E+00    0.572482986185868348E+00    0.843553299559228531E+00    0.362508380312668521E+00    0.904102602107001219E+00    0.729215797081102957E+00    0.181105692875026143E+05
    0.316155537468388870E+00    0.918648636528941576E+00    0.441760165645951330E+00    0.296872921721292315E+00    0.342404065857297213E+00    0.297271030542941184E+00    0.606950390863040368E+00    0.851412231165996625E+00    0.365506504066693994E+00    0.886854432860935904E+00    0.723344199600542526E+00    0.181105717050745952E+05
    0.312725576452503151E+00    0.651227816736225207E+00    0.446062122219652302E+00    0.295368785999626515E+00    0.447126525216342274E+00    0.296366520731653704E+00    0.563392006910260479E+00    0.856353346335267718E+00    0.373411068517456035E+00    0.890230537768697761E+00    0.717289907647122305E+00    0.181105734289617612E+05
    0.363408649970740183E+00    0.635383689326843193E+00    0.483992714875127905E+00    0.347254193760290431E+00    0.442809229371873170E+00    0.253374019397662631E+00    0.588959458654068291E+00    0.841914063709507388E+00    0.374608230751740434E+00    0.888150033680978002E+00    0.702054120185120034E+00    0.181105970758489057E+05
    0.323220505253950352E+00    0.906327049518222516E+00    0.469189890754475480E+00    0.319701195970297503E+00    0.327249568762318865E+00    0.285128928387302472E+00    0.612549932803993613E+00    0.846636930766615281E+00    0.370964903095369780E+00    0.910890437046802504E+00    0.684450491614533307E+00    0.181106099942016008E+05
    0.294472656334798411E+00    0.668396856070416767E+00    0.447003856385521203E+00    0.278548644100670040E+00    0.405248222909156797E+00    0.300845680590574316E+00    0.587075413038980809E+00    0.843003200229196725E+00    0.362725408072967270E+00    0.929209940026291981E+00    0.660951596043432565E+00    0.181106170550160678E+05
    0.286044767435154501E+00    0.798908376405466969E+00    0.429567170394713926E+00    0.269736947380760206E+00    0.344900625784799575E+00    0.293451980037079341E+00    0.607621815228591711E+00    0.844536875933925457E+00    0.354751827606042791E+00    0.902560903477868104E+00    0.689306750418726799E+00    0.181106672255305421E+05
    0.342110229889503237E+00    0.919813093462343634E+00    0.465719571160275236E+00    0.317905349804632364E+00    0.365991569920463999E+00    0.306771125620009688E+00    0.607898706072314554E+00    0.852092638674998293E+00    0.343432480992270861E+00    0.897612287551932675E+00    0.711451306881222378E+00    0.181106958582378174E+05
    0.330890630844136224E+00    0.640206823777443423E+00    0.462381305786501495E+00    0.312721425042514878E+00    0.450047878275903812E+00    0.291442755824787236E+00    0.561539217066890139E+00    0.849062096936825106E+00    0.370953805769126010E+00    0.920951861122085935E+00    0.658320074848758097E+00    0.181107012321128386E+05
    0.384638758706571882E+00    0.523405720362333127E+00    0.496268713431640474E+00    0.371335291928852396E+00    0.503309460069216064E+00    0.266176407206872301E+00    0.582893644831272262E+00    0.852254545603476910E+00    0.354900971522795816E+00    0.897787337667478647E+00    0.704659755267758814E+00    0.181107083779687964E+05
    0.393552926723402807E+00    0.979373937455822463E+00    0.498436177264944824E+00    0.363323579200662605E+00    0.290338970311833366E+00    0.307956893112001417E+00    0.578519965386240731E+00    0.846002481251062255E+00    0.351598881898060878E+00    0.910081182744833073E+00    0.671091074364354667E+00    0.181107194559787386E+05
    0.274706682405072067E+00    0.794544892660140500E+00    0.416805518517287865E+00    0.263943851791221318E+00    0.358912745255386467E+00    0.292323206005949299E+00    0.601204058753853188E+00    0.863066408854076039E+00    0.354743733621710189E+00    0.905161935180256783E+00    0.728697284527871192E+00    0.181107274108357269E+05
    0.322779556412651769E+00    0.616927625242298605E+00    0.446346416293789239E+00    0.300393895555001622E+00    0.485302474949798057E+00    0.288577274037981835E+00    0.582448702064759738E+00    0.840774206601590968E+00    0.349565623019580995E+00    0.908240407089531798E+00    0.741978370213361549E+00    0.181107308280704492E+05
    0.324722138183401343E+00    0.702969275736581967E+00    0.461393678912196015E+00    0.323599618018262536E+00    0.448236511287764483E+00    0.263064983909794159E+00    0.584474135007784001E+00    0.855626827732765771E+00    0.373860987652081589E+00    0.903685586743186553E+00    0.727826910369065105E+00    0.181107330674653203E+05
    0.371339606924477761E+00    0.507916846506631159E+00    0.479542926442193040E+00    0.342433100700716697E+00    0.519799560198300203E+00    0.292995045017595102E+00    0.580205013204976416E+00    0.853361062288479744E+00    0.355310640982898607E+00    0.919219401173577921E+00    0.679933432057596376E+00    0.181107396076291552E+05
    0.338330978060383869E+00    0.781125019462161285E+00    0.459995817886098668E+00    0.318298727790772562E+00    0.389585650702304609E+00    0.262372553315400214E+00    0.577862678030190757E+00    0.853673188307950026E+00    0.382236312554887714E+00    0.891939636923544166E+00    0.740968645766133194E+00    0.181107433559401361E+05
    0.305006494259988270E+00    0.888640407251359399E+00    0.446904334196284558E+00    0.300191239222740269E+00    0.316415664975718713E+00    0.301905689959171886E+00    0.594396415799837818E+00    0.849395723814973080E+00    0.370681175888653958E+00    0.907072536935951246E+00    0.663675488898810673E+00    0.181107539480634368E+05
    0.298972041043100101E+00    0.754061945005549239E+00    0.435927316960272537E+00    0.278456596202236395E+00    0.376115628716708394E+00    0.266319960827780755E+00    0.584371363994669824E+00    0.843943605451924372E+00    0.354951167577023552E+00    0.901004916719945870E+00    0.731198575988905364E+00    0.181107597006488686E+05
    0.298377381235748695E+00    0.785635998855358397E+00    0.438999507330128325E+00    0.276353159951691074E+00    0.424396983459718213E+00    0.293980071213736038E+00    0.559666011644725514E+00    0.850268192052379246E+00    0.356764283331220955E+00    0.887131825670092855E+00    0.767471776608155576E+00    0.181107619394779067E+05
    0.363110515944220613E+00    0.683581511958176291E+00    0.480048365560372892E+00    0.347579231217441220E+00    0.474954312608708129E+00    0.305790877173185704E+00    0.565406717997402719E+00    0.843708545088565520E+00    0.382415752428696631E+00    0.896675065909734892E+00    0.683477306321596756E+00    0.181108063285080098E+05
    0.370210839577289730E+00    0.598291965924828029E+00    0.483340067035704979E+00    0.348364318424225827E+00    0.465673473795883586E+00    0.285402251739351354E+00    0.568142051153237460E+00    0.848271733152426544E+00    0.362335670865089332E+00    0.886252033549226770E+00    0.706877686436616970E+00    0.181108344642333141E+05
    0.348890649462409441E+00    0.615860682962779959E+00    0.480202453275412000E+00    0.334954525324577812E+00    0.447642504830804255E+00    0.281536528750984172E+00    0.547717221260373921E+00    0.854058074884472940E+00    0.367461561352269150E+00    0.889373704672051235E+00    0.727889888736656943E+00    0.181108405220297172E+05
    0.406349254378574831E+00    0.910465887657462059E+00    0.521562821756111239E+00    0.396977785416101625E+00    0.345841475624188488E+00    0.317441784727747589E+00    0.571233952492129049E+00    0.835308591669953526E+00    0.376907915500841961E+00    0.895596366815558653E+00    0.704681172605407302E+00    0.181108455951831929E+05
    0.322710184323990956E+00    0.963829182493063819E+00    0.440933468059652944E+00    0.290358187971186621E+00    0.385264292558030907E+00    0.289447759589791465E+00    0.590584772718770634E+00    0.844091035124945543E+00    0.363230921486932090E+00    0.893776466118249124E+00    0.728271576722734792E+00    0.181108459526228871E+05
    0.322710184323990956E+00    0.963829182493063819E+00    0.440933468059652944E+00    0.290358187971186621E+00    0.385264292558030907E+00    0.289447759589791465E+00    0.590584772718770634E+00    0.844091035124945543E+00    0.363230921486932090E+00    0.893776466118249124E+00    0.728271576722734792E+00    0.181108459526228871E+05
    0.348595499825805066E+00    0.912397084225188726E+00    0.481406233935522676E+00    0.330059248794269788E+00    0.322766866041445277E+00    0.282637104606254685E+00    0.604483377588278636E+00    0.846738821483520421E+00    0.355874547481525472E+00    0.919205983988165998E+00    0.675466324710642829E+00    0.181108493307671815E+05
    0.359207904564169234E+00    0.861844308749123877E+00    0.485044016770104947E+00    0.332619151406868263E+00    0.311750205807022451E+00    0.275526335683118018E+00    0.601482015389897873E+00    0.844998805432116473E+00    0.373707832241476468E+00    0.910382524530108705E+00    0.654756523146056035E+00    0.181108765913168609E+05
    0.302111821970957373E+00    0.995290334616350858E+00    0.434203382646897451E+00    0.276924037367711207E+00    0.338253617601518231E+00    0.273451806600521374E+00    0.600830433918166817E+00    0.840576820019081739E+00    0.383225447793804797E+00    0.892038985674194929E+00    0.725839885946226393E+00    0.181108861391329228E+05
    0.349004746535172050E+00    0.700204291547012803E+00    0.468100183856936414E+00    0.331020543209581575E+00    0.430898914922647369E+00    0.286700166547515622E+00    0.565132408194012337E+00    0.837264733774447323E+00    0.367656407770002414E+00    0.888148100367486149E+00    0.776785392737770142E+00    0.181109238471198914E+05
